#pragma once

#include "Common.hpp"

typedef enum
{
	BT601 = 0,
	BT709,
	BT2020,
	SMPTE240M
}eCOLOR_SPACE;


// define color space conversion matrix's
static CACHE_ALIGN float constexpr RGB2YUV[][9] =
{
	// BT.601
	{
		0.299000f,  0.587000f,  0.114000f,
	   -0.168736f, -0.331264f,  0.500000f,
		0.500000f, -0.418688f, -0.081312f
	},

	// BT.709
	{
		0.212600f,   0.715200f,  0.072200f,
	   -0.114570f,  -0.385430f,  0.500000f,
		0.500000f,  -0.454150f, -0.045850f
	},

	// BT.2020
	{
		0.262700f,   0.678000f,  0.059300f,
	   -0.139630f,  -0.360370f,  0.500000f,
		0.500000f,  -0.459790f, -0.040210f
	},

	// SMPTE 240M
	{
		0.212200f,   0.701300f,  0.086500f,
	   -0.116200f,  -0.383800f,  0.500000f,
		0.500000f,  -0.445100f, -0.054900f
	}
};

static CACHE_ALIGN float constexpr YUV2RGB[][9] =
{
	// BT.601
	{
		1.000000f,  0.000000f,  1.407500f,
		1.000000f, -0.344140f, -0.716900f,
		1.000000f,  1.779000f,  0.000000f
	},

	// BT.709
	{
		1.000000f,  0.00000000f,  1.5748021f,
		1.000000f, -0.18732698f, -0.4681240f,
		1.000000f,  1.85559927f,  0.0000000f
	},

	// BT.2020
	{
		1.000000f,  0.00000000f,  1.4745964f,
		1.000000f, -0.16454810f, -0.5713517f,
		1.000000f,  1.88139998f,  0.0000000f
	},

	// SMPTE 240M
	{
		1.000000f,  0.0000000f,  1.5756000f,
		1.000000f, -0.2253495f, -0.4767712f,
		1.000000f,  1.8270219f,  0.0000000f
	}
};


CACHE_ALIGN constexpr float sRGBtoXYZ[9] = 
{
    0.4124564f,  0.3575761f,  0.1804375f,
    0.2126729f,  0.7151522f,  0.0721750f,
    0.0193339f,  0.1191920f,  0.9503041f
};

CACHE_ALIGN constexpr float XYZtosRGB[9] = 
{
    3.240455f, -1.537139f, -0.498532f,
   -0.969266f,  1.876011f,  0.041556f,
	0.055643f, -0.204026f,  1.057225f
};

CACHE_ALIGN constexpr float yuv2xyz[3] = { 0.114653800f, 0.083911980f, 0.082220770f };
CACHE_ALIGN constexpr float xyz2yuv[3] = { 0.083911980f, 0.283096500f, 0.466178900f };

