#pragma once

typedef enum
{
	BT601 = 0,
	BT709,
	BT2020,
	SMPTE240M
}eCOLOR_SPACE;


// define color space conversion matrix's
static CACHE_ALIGN float constexpr RGB2YUV[][9] =
{
	// BT.601
	{
		0.299000f,  0.587000f,  0.114000f,
	   -0.168736f, -0.331264f,  0.500000f,
		0.500000f, -0.418688f, -0.081312f
	},

	// BT.709
	{
		0.212600f,   0.715200f,  0.072200f,
	   -0.114570f,  -0.385430f,  0.500000f,
		0.500000f,  -0.454150f, -0.045850f
	},

	// BT.2020
	{
		0.262700f,   0.678000f,  0.059300f,
	   -0.139630f,  -0.360370f,  0.500000f,
		0.500000f,  -0.459790f, -0.040210f
	},

	// SMPTE 240M
	{
		0.212200f,   0.701300f,  0.086500f,
	   -0.116200f,  -0.383800f,  0.500000f,
		0.500000f,  -0.445100f, -0.054900f
	}
};

static CACHE_ALIGN float constexpr YUV2RGB[][9] =
{
	// BT.601
	{
		1.000000f,  0.000000f,  1.407500f,
		1.000000f, -0.344140f, -0.716900f,
		1.000000f,  1.779000f,  0.000000f
	},

	// BT.709
	{
		1.000000f,  0.00000000f,  1.5748021f,
		1.000000f, -0.18732698f, -0.4681240f,
		1.000000f,  1.85559927f,  0.0000000f
	},

	// BT.2020
	{
		1.000000f,  0.00000000f,  1.4745964f,
		1.000000f, -0.16454810f, -0.5713517f,
		1.000000f,  1.88139998f,  0.0000000f
	},

	// SMPTE 240M
	{
		1.000000f,  0.0000000f,  1.5756000f,
		1.000000f, -0.2253495f, -0.4767712f,
		1.000000f,  1.8270219f,  0.0000000f
	}
};

